12;0000;3199;1200
12;3200;3399;1201
12;3400;3631;1200
12;3632;3699;1201
12;3700;3799;1200
12;3800;4819;1201
12;4820;4839;0143
12;4840;4892;1201
12;4893;4899;0143
12;4900;4999;1201
12;5000;5999;0143
12;6000;6599;1206
12;6600;6699;0006
12;6700;6979;0008
12;6980;6999;0006
12;7000;7399;1200
12;7400;8629;1202
12;8630;8632;1201
12;8633;8785;1202
12;8786;8789;1201
12;8790;8863;1202
12;8864;8864;1203
12;8865;8899;1202
12;8900;8953;1201
12;8954;8999;0143
12;9000;9999;1203
52;00000;99999;1713
13;0000;1299;1621
13;1300;1310;1625
13;1311;1329;1621
13;1330;1349;1625
13;1350;1379;1621
13;1380;1389;1625
13;1390;1399;1621
13;1400;1709;1625
13;1710;1739;1621
13;1740;1742;1625
13;1743;1749;1621
13;1750;1779;1625
13;1780;3499;1621
13;3500;3539;0019
13;3540;3549;1621
13;3550;3559;0019
13;3560;3569;1621
13;3570;3579;0019
13;3580;3581;1621
13;3582;3582;0019
13;3583;3589;1621
13;3590;3800;0019
13;3801;3809;1621
13;3810;3849;0019
13;3850;3859;1621
13;3860;3879;0019
13;3880;3899;1621
13;3900;3919;0019
13;3920;3929;1621
13;3930;3941;0019
13;3942;3949;1621
13;3950;3979;0019
13;3980;3989;1621
13;3990;4199;0019
13;4200;4217;1621
13;4218;4218;1625
13;4219;4299;1621
13;4300;4789;0019
13;4790;4791;1618
13;4792;4999;0019
13;5000;5309;1625
13;5310;5319;1621
13;5320;5333;1625
13;5334;5334;0019
13;5335;5349;1625
13;5350;5379;0019
13;5380;5399;1621
13;5500;5549;1625
13;5550;5555;1618
13;5556;5559;0019
13;5560;5574;1625
13;5575;5575;1618
13;5576;5579;1625
13;5580;5589;1618
13;5590;5599;0019
13;5600;6599;1625
13;6600;6649;1618
13;6650;6659;0019
13;6660;6689;1618
13;6690;6699;0019
13;6700;6899;1618
13;6900;6919;0019
13;6920;6929;1618
13;6930;6949;0019
13;6950;6953;1618
13;6954;6969;0019
13;6970;6986;1618
13;6987;6999;0019
13;7000;9099;1625
13;9100;9399;1621
13;9400;9409;1625
13;9410;9429;1621
13;9430;9999;1625
40;0000;2088;1450
40;2089;2099;1447
40;2100;2162;1450
40;2163;2168;1447
40;2169;2182;1450
40;2183;2189;1447
40;2190;2192;1450
40;2193;2199;1447
40;2200;3343;1450
40;3344;3344;1447
40;3345;3999;1450
40;4000;4999;1451
40;5000;5079;1455
40;5080;5080;1448
40;5081;5084;1455
40;5085;5085;1448
40;5086;5249;1455
40;5250;5259;1447
40;5260;5289;1455
40;5290;5293;1447
40;5294;5435;1455
40;5436;5439;1447
40;5440;5440;1455
40;5441;5445;1447
40;5446;5452;1455
40;5453;5453;1447
40;5454;5455;1455
40;5456;5459;1447
40;5460;5468;1455
40;5469;5469;1447
40;5470;5499;1455
40;5500;5621;1447
40;5622;5622;1455
40;5623;5623;1447
40;5624;5624;1455
40;5625;5634;1447
40;5635;5640;1455
40;5641;5645;1447
40;5646;5646;1455
40;5647;5649;1447
40;5650;5650;1455
40;5651;5909;1447
40;5910;5910;1455
40;5911;5999;1447
40;6000;6294;1452
40;6295;6295;1448
40;6296;6531;1452
40;6532;6533;1448
40;6534;6542;1452
40;6543;6546;1448
40;6547;6559;1452
40;6560;6569;1448
40;6570;6999;1452
40;7000;7134;1456
40;7135;7135;1449
40;7136;7199;1456
40;7200;7200;1449
40;7201;7209;1456
40;7210;7242;1449
40;7243;7243;1456
40;7244;7259;1449
40;7260;7265;1456
40;7266;7267;1449
40;7268;7274;1456
40;7275;7279;1449
40;7280;7280;1456
40;7281;7299;1449
40;7300;7450;1456
40;7451;7499;1449
40;7500;7699;1456
40;7700;7839;1449
40;7840;7840;1456
40;7841;7841;1449
40;7842;7849;1456
40;7850;7855;1449
40;7856;7856;1455
40;7857;7861;1449
40;7862;7862;1456
40;7863;7999;1449
40;8000;8447;1453
40;8448;8453;1448
40;8454;8455;1453
40;8456;8464;1448
40;8465;8465;1453
40;8466;8466;1448
40;8467;8468;1453
40;8469;8471;1448
40;8472;8473;1453
40;8474;8474;1448
40;8475;8479;1453
40;8480;8480;1448
40;8481;8599;1453
40;8600;8940;1448
40;8941;8941;1452
40;8942;8945;1448
40;8946;8947;1452
40;8948;8948;1448
40;8949;8953;1452
40;8954;8979;1448
40;8980;8986;1449
40;8987;8988;1448
40;8989;8989;1449
40;8990;8999;1448
40;9000;9216;1454
40;9217;9217;1449
40;9218;9220;1454
40;9221;9221;1449
40;9222;9227;1454
40;9228;9241;1449
40;9242;9242;1454
40;9243;9250;1449
40;9251;9252;1454
40;9253;9260;1449
40;9261;9263;1454
40;9264;9269;1449
40;9270;9280;1454
40;9281;9281;1449
40;9282;9699;1454
40;9700;9753;1449
40;9754;9759;1456
40;9760;9924;1449
40;9925;9927;1454
40;9928;9934;1449
40;9935;9938;1454
40;9939;9939;1449
40;9940;9942;1454
40;9943;9945;1449
40;9946;9950;1456
40;9951;9952;1449
40;9953;9953;1456
40;9954;9957;1454
40;9958;9959;1449
40;9960;9962;1456
40;9963;9963;1454
40;9964;9970;1456
40;9971;9999;1449
;200000;249999;1795
26;0000;1541;1630
26;1542;1549;1634
26;1550;1559;1630
26;1560;1599;1634
26;1600;1699;1630
26;1700;1799;1634
26;1800;1999;1630
26;2000;2099;1634
26;2100;2199;1630
26;2200;2799;1634
26;2800;2999;1632
26;3000;3899;1634
26;3900;3999;1630
26;4000;4499;1632
26;4500;4599;1634
26;4600;4929;1632
26;4930;4954;1634
26;4955;5099;1632
26;5100;5107;1631
26;5108;5112;1632
26;5113;5223;1631
26;5224;5229;1632
26;5230;5236;1631
26;5237;5239;1632
26;5240;5249;1631
26;5250;5299;1632
26;5300;5314;1631
26;5315;5322;1632
26;5323;5323;1631
26;5324;5329;1632
26;5330;5721;1631
26;5722;5723;1632
26;5724;5725;1631
26;5726;5999;1632
26;6000;6015;1631
26;6016;6019;1632
26;6020;6021;1631
26;6022;6027;1632
26;6028;6079;1631
26;6080;6099;1634
26;6100;6269;1632
26;6270;6999;1631
26;7000;7999;0008
26;8000;8185;1631
26;8186;8186;0030
26;8187;8198;1631
26;8199;8299;0030
26;8300;8349;1631
26;8350;8399;0030
26;8400;8411;1631
26;8412;8412;0030
26;8413;8414;1631
26;8415;8419;0030
26;8420;8439;1631
26;8440;8453;0030
26;8454;8455;1631
26;8456;8481;0030
26;8482;8499;1631
26;8500;8599;0030
26;8600;8869;1631
26;8870;8899;0008
26;8900;8999;1631
26;9000;9212;0008
26;9213;9223;0030
26;9224;9239;0008
26;9240;9299;0030
26;9300;9499;0008
26;9500;9619;0030
26;9620;9999;0008
24;00000;25751;1850
24;25752;25755;1854
24;25756;25779;1850
24;25780;25799;1854
24;25800;25899;1850
24;25900;25999;1854
24;26000;26213;1850
24;26214;26214;1854
24;26215;26243;1850
24;26244;26259;1854
24;26260;26281;1850
24;26282;26299;1854
24;26300;26399;1850
24;26400;26499;1854
24;26600;27999;1850
24;28000;28104;1855
24;28105;28106;1850
24;28107;28144;1855
24;28145;28149;1850
24;28150;28159;1855
24;28160;28299;1850
24;28400;28504;1855
24;28505;28510;1850
24;28511;28519;1855
24;28520;28523;1850
24;28524;28913;1855
24;28914;28929;1850
24;28930;29099;1855
24;29300;29401;1850
24;29402;29419;1855
24;29420;29443;1850
24;29444;29449;1855
24;29450;29499;1850
24;29500;29999;1855
24;30000;33159;1850
24;33160;33161;0028
24;33162;33499;1850
24;33500;33559;1854
24;33560;33563;1850
24;33564;33599;1854
24;33600;33899;1850
24;33900;34299;1854
24;34400;34699;1850
24;34700;34909;0028
24;34910;34954;1850
24;34955;36399;0028
24;36400;36463;1850
24;36464;36464;0028
24;36465;36999;1850
24;37000;37872;1854
24;37873;37879;1852
24;37880;39451;1854
24;39452;39452;1855
24;39453;39999;1854
24;40000;44999;1850
24;46000;46331;1855
24;46332;46339;1850
24;46340;46346;1855
24;46347;46359;1850
24;46360;46999;1855
24;47000;49999;1850
24;50000;56699;1855
24;56800;56911;1852
24;56912;56912;1855
24;56913;56932;1852
24;56933;56939;1855
24;56940;56949;1852
24;56950;56969;1855
24;56970;56979;1852
24;56980;56989;1855
24;56990;56999;1852
24;57000;57099;1855
24;57100;58222;1852
24;58223;58229;1855
24;58230;58231;1852
24;58232;58233;1855
24;58234;58234;1852
24;58235;58249;1855
24;58250;58259;1852
24;58260;58269;1855
24;58270;58271;1852
24;58272;58499;1855
24;58600;58801;1852
24;58802;58809;1854
24;58810;58842;1852
24;58843;58859;1854
24;58860;58861;1852
24;58862;58899;1854
24;58900;69999;1852
24;70000;74999;1853
24;75000;75122;1852
24;75123;75123;1853
24;75124;75129;1852
24;75130;75139;1853
24;75140;75299;1852
24;75300;75999;1853
24;76000;76312;1852
24;76313;76313;1853
24;76314;76331;1852
24;76332;76332;1853
24;76333;76599;1852
24;76600;76699;1853
24;76700;76869;1852
24;76870;76871;1853
24;76872;78302;1852
24;78303;78311;1853
24;78312;78354;1852
24;78355;78355;1853
24;78356;78394;1852
24;78395;78395;1853
24;78396;78499;1852
24;78500;78599;1853
24;78700;78799;1855
24;78800;78802;1853
24;78803;78804;1855
24;78805;78805;1852
24;78806;78815;1855
24;78816;78819;1853
24;78820;78971;1855
24;78972;78974;1852
24;78975;78979;1855
24;78980;78989;1852
24;78990;78999;1855
24;79000;79599;1853
24;79600;79999;1852
11;00000;03999;0033
11;04000;04699;0032
11;04700;04799;0033
11;04800;04849;0032
11;04850;04999;0033
11;06000;06559;0032
11;06560;06569;0031
11;06570;06571;0032
11;06572;06599;0031
11;06600;06909;0032
11;06910;06999;0033
11;07000;07599;0028
11;07600;07619;0032
11;07620;08999;0028
11;09000;09329;0033
11;09330;09399;0028
11;09400;09999;0033
11;10000;15899;0016
11;15900;15999;0033
11;16000;16999;0016
11;17000;17259;0037
11;17260;17279;0016
11;17280;18999;0037
11;19000;19309;0404
11;19310;19359;0038
11;19360;19399;0037
11;19400;19499;0404
11;19500;20999;0004
11;21000;21069;0404
11;21070;21464;0004
11;21465;21521;0404
11;21522;21523;0004
11;21524;21599;0404
11;21600;21702;0004
11;21703;21706;0021
11;21707;21714;0004
11;21715;21719;0021
11;21720;21727;0004
11;21728;21737;0021
11;21738;21739;0004
11;21740;21999;0021
11;22000;22884;0004
11;22885;22885;0404
11;22886;22928;0004
11;22929;22929;0404
11;22930;22945;0004
11;22946;22946;0404
11;22947;22949;0004
11;22950;22965;0404
11;22966;22968;0004
11;22969;23779;0404
11;23780;23814;0004
11;23815;23815;0404
11;23816;23819;0004
11;23820;23820;0404
11;23821;23846;0004
11;23847;23860;0404
11;23861;23869;0004
11;23870;23999;0404
11;24000;24199;0140
11;24200;24211;0004
11;24212;24235;0140
11;24236;24238;0004
11;24239;24239;0140
11;24240;24241;0004
11;24242;24242;0075
11;24243;24244;0140
11;24245;24245;0004
11;24246;24249;0140
11;24250;24250;0004
11;24251;24258;0140
11;24259;24299;0075
11;24300;24319;0004
11;24320;24321;0404
11;24322;24326;0004
11;24327;24329;0404
11;24330;24499;0075
11;24500;24699;0004
11;24700;24791;0075
11;24792;24793;0004
11;24794;24796;0075
11;24797;24801;0140
11;24802;24802;0075
11;24803;24807;0140
11;24808;24814;0075
11;24815;24816;0004
11;24817;24817;0140
11;24818;24819;0004
11;24820;24860;0075
11;24861;24863;0140
11;24864;24867;0075
11;24868;24872;0140
11;24873;24875;0075
11;24876;24877;0140
11;24878;24898;0075
11;24899;24899;0140
11;24900;24963;1640
11;24964;24968;0075
11;24969;24969;1640
11;24970;24974;0075
11;24975;24976;1640
11;24977;24979;0075
11;24980;24983;1640
11;24984;24987;0075
11;24988;24988;1640
11;24989;24990;0075
11;24991;24991;1640
11;24992;24993;0140
11;24994;24994;1640
11;24995;24996;0075
11;24997;24999;1640
11;25000;25729;0004
11;25730;25999;0140
11;26000;28999;0021
11;29000;29399;0014
11;29400;29419;0038
11;29420;29649;0004
11;29650;31999;0014
11;32000;33999;0027
11;34000;34118;0135
11;34119;34121;0077
11;34122;34126;0135
11;34127;34225;0077
11;34226;34252;0135
11;34253;34253;0077
11;34254;34269;0135
11;34270;34289;0077
11;34290;34294;0135
11;34295;34295;0077
11;34296;34301;0135
11;34302;34311;0077
11;34312;34316;0135
11;34317;34327;0077
11;34328;34399;0135
11;34400;34453;0027
11;34454;34471;0077
11;34472;34474;0027
11;34475;34999;0077
11;35000;35049;0103
11;35050;35065;0135
11;35066;35066;0077
11;35067;35069;0135
11;35070;35085;0103
11;35086;35089;0077
11;35090;35096;0103
11;35097;35099;0077
11;35100;35102;0103
11;35103;35110;0077
11;35111;35112;0103
11;35113;35116;0077
11;35117;35199;0103
11;35200;35219;0054
11;35220;35232;0103
11;35233;35239;0054
11;35240;35578;0103
11;35579;35579;0003
11;35580;35599;0103
11;35600;35609;0003
11;35610;35614;0103
11;35615;35624;0003
11;35625;35633;0103
11;35634;35640;0003
11;35641;35649;0103
11;35650;35769;0054
11;35770;35789;0003
11;35790;35794;0054
11;35795;35796;0003
11;35797;35999;0054
11;36000;36169;0103
11;36170;36329;0077
11;36330;36399;0103
11;36400;36999;0031
11;37000;37234;0135
11;37235;37235;0077
11;37236;37268;0135
11;37269;37269;0077
11;37270;37283;0135
11;37284;37296;0077
11;37297;37298;0135
11;37299;37299;0077
11;37300;37539;0135
11;37540;37649;0014
11;37650;37670;0135
11;37671;37687;0027
11;37688;37691;0135
11;37692;37696;0027
11;37697;37999;0135
11;38000;38129;0014
11;38130;38154;0038
11;38155;38329;0014
11;38330;38499;0038
11;38500;38553;0014
11;38554;38557;0038
11;38558;38699;0014
11;38700;38700;0038
11;38701;38799;0014
11;38800;39999;0038
11;40000;41799;0002
11;41800;41999;0019
11;42000;42489;0002
11;42490;42499;0005
11;42500;42799;0002
11;42800;42999;0005
11;44000;44999;0018
11;45000;45499;0002
11;45500;45999;0018
11;46000;46199;0002
11;46200;46299;0018
11;46300;46342;1528
11;46343;46349;0018
11;46350;46354;1528
11;46355;46359;0018
11;46360;46509;1528
11;46510;46514;0018
11;46515;47509;0002
11;47510;47599;1528
11;47600;47609;0002
11;47610;47629;1528
11;47630;47649;0002
11;47650;47659;1528
11;47660;47661;0002
11;47662;47665;1528
11;47666;47999;0002
11;48000;48199;0039
11;48200;48239;0027
11;48240;48329;0039
11;48330;48339;0027
11;48340;48359;0039
11;48360;48361;0027
11;48362;49099;0039
11;49100;49129;0027
11;49130;49139;0039
11;49140;49201;0027
11;49202;49209;0039
11;49210;49359;0027
11;49360;49379;0021
11;49380;49401;0039
11;49402;49409;0021
11;49410;49413;0039
11;49414;49419;0027
11;49420;49429;0021
11;49430;49439;0039
11;49440;49450;0027
11;49451;49451;0039
11;49452;49453;0027
11;49454;49456;0021
11;49457;49458;0027
11;49459;49529;0039
11;49530;49539;0027
11;49540;49639;0039
11;49640;49699;0021
11;49700;49999;0039
11;50000;51999;0005
11;52000;52999;0019
11;53000;53399;0005
11;53400;53599;0054
11;53600;53919;0005
11;53920;53999;0019
11;54000;54539;1618
11;54540;54570;0054
11;54571;54574;1618
11;54575;54579;0054
11;54580;54586;0019
11;54587;54587;0054
11;54588;54589;0019
11;54590;54610;1618
11;54611;54611;0019
11;54612;54999;1618
11;55000;55219;0003
11;55220;55239;0017
11;55240;55299;0003
11;55400;55699;0054
11;55700;55758;1618
11;55759;55999;0022
11;56000;57099;0054
11;57200;57229;0005
11;57230;57250;0054
11;57251;57279;0005
11;57280;57299;0054
11;57300;57319;0018
11;57320;57334;0054
11;57335;57439;0018
11;57440;57499;0005
11;57500;57999;0054
11;58000;59229;0018
11;59230;59329;0027
11;59330;59379;0018
11;59380;59389;0039
11;59390;59519;0018
11;59520;59559;0027
11;59560;59589;0018
11;59590;59599;0027
11;59600;59999;0018
11;60000;60386;0003
11;60387;60389;0103
11;60390;60999;0003
11;61000;61239;0103
11;61240;61380;0003
11;61381;61381;0103
11;61382;63072;0003
11;63073;63073;0103
11;63074;63099;0003
11;63100;63119;0103
11;63120;63149;0003
11;63150;63199;0103
11;63200;63399;0003
11;63400;63879;0103
11;63880;63999;0144
11;64000;64339;0003
11;64340;64342;0017
11;64343;64380;0003
11;64381;64389;0017
11;64390;64390;0003
11;64391;64407;0017
11;64408;64572;0003
11;64573;64579;0017
11;64580;64599;0003
11;64600;64799;0017
11;64800;64829;0003
11;64830;64832;0103
11;64833;64849;0003
11;64850;64850;0103
11;64851;65529;0003
11;65530;65699;0054
11;65700;65999;0003
11;66000;66701;0022
11;66702;66706;1618
11;66707;66999;0022
11;67000;67479;0017
11;67480;67480;0080
11;67481;67482;0017
11;67483;67483;0080
11;67484;67701;0017
11;67702;67719;0022
11;67720;67735;0017
11;67736;67752;0022
11;67753;67753;0017
11;67754;67757;0022
11;67758;68729;0017
11;68730;68759;0080
11;68760;69999;0017
11;70000;70999;0011
11;71000;71199;0106
11;71200;71259;0011
11;71260;71272;0106
11;71273;71521;0011
11;71522;71522;0105
11;71523;71529;0011
11;71530;71543;0105
11;71544;71545;0011
11;71546;71546;0105
11;71547;71548;0011
11;71549;71549;0105
11;71550;71553;0011
11;71554;71554;0105
11;71555;71559;0011
11;71560;71560;0105
11;71561;71565;0011
11;71566;71566;0105
11;71567;71569;0011
11;71570;71570;0105
11;71571;71572;0011
11;71573;71573;0105
11;71574;71575;0011
11;71576;71599;0105
11;71600;71710;0011
11;71711;71717;0105
11;71718;71719;0011
11;71720;71720;0105
11;71721;71722;0011
11;71723;71723;0105
11;71724;71999;0011
11;72000;72479;0106
11;72480;72499;0030
11;72500;72501;0010
11;72502;72511;0030
11;72512;72513;0010
11;72514;72517;0030
11;72518;72539;0010
11;72540;72585;0106
11;72586;72599;0010
11;72600;72999;0106
11;73000;73059;0010
11;73060;73069;0011
11;73070;73199;0010
11;73200;73229;0011
11;73230;73239;0106
11;73240;73249;0011
11;73250;73252;0106
11;73253;73262;0011
11;73263;73268;0106
11;73269;73270;0011
11;73271;73272;0106
11;73273;73274;0011
11;73275;73277;0106
11;73278;73299;0011
11;73300;73499;0010
11;73500;73529;0105
11;73530;73540;0010
11;73541;73549;0105
11;73550;73550;0010
11;73551;73552;0011
11;73553;73559;0105
11;73560;73563;0010
11;73564;73565;0105
11;73566;73566;0010
11;73567;73599;0105
11;73600;73634;0011
11;73635;73635;0105
11;73636;73641;0011
11;73642;73642;0105
11;73643;73666;0011
11;73667;73667;0105
11;73668;73999;0011
11;74000;74299;0105
11;74300;74335;0011
11;74336;74699;0105
11;74700;74869;0017
11;74870;74899;0080
11;74900;74927;0017
11;74928;74929;0105
11;74930;74934;0017
11;74935;74936;0105
11;74937;74999;0017
11;75000;75379;0080
11;75380;75392;0106
11;75393;75419;0080
11;75420;75429;0011
11;75430;75443;0080
11;75444;75446;0011
11;75447;77704;0080
11;77705;77723;0024
11;77724;77731;0080
11;77732;77739;0024
11;77740;77749;0080
11;77750;77761;0024
11;77762;77770;0080
11;77771;77793;0024
11;77794;77794;0080
11;77795;77796;0024
11;77797;77899;0080
11;77900;77999;0024
11;78000;78089;0030
11;78090;78149;0024
11;78150;78999;0030
11;79000;79739;0024
11;79740;79809;0030
11;79810;79843;0024
11;79844;79849;0030
11;79850;79878;0024
11;79879;79879;0030
11;79880;79999;0024
11;80000;80787;0007
11;80788;80788;0145
11;80789;80808;0007
11;80809;80939;0145
11;80940;80993;0007
11;80994;81299;0145
11;81300;82099;0007
11;82100;82119;0145
11;82120;82139;0007
11;82140;82296;0145
11;82297;82297;0012
11;82298;82299;0145
11;82300;82343;0007
11;82344;82346;0145
11;82347;82379;0007
11;82380;82383;0006
11;82384;82387;0007
11;82388;82389;0006
11;82390;82399;0007
11;82400;82401;0006
11;82402;82407;0007
11;82408;82409;0006
11;82410;83089;0007
11;83090;83093;0143
11;83094;83109;0007
11;83110;83112;0143
11;83113;83115;0007
11;83116;83119;0143
11;83120;83122;0007
11;83123;83125;0143
11;83126;83128;0007
11;83129;83129;0143
11;83130;83131;0007
11;83132;83132;0143
11;83133;83199;0007
11;83200;83499;0143
11;83500;83529;0007
11;83530;83530;0143
11;83531;83999;0007
11;84000;84049;0145
11;84050;84069;0020
11;84070;84072;0145
11;84073;84076;0020
11;84077;84079;0145
11;84080;84100;0020
11;84101;84101;0145
11;84102;84103;0020
11;84104;84106;0145
11;84107;84130;0020
11;84131;84139;0145
11;84140;84140;0020
11;84141;84149;0145
11;84150;84152;0020
11;84153;84159;0145
11;84160;84168;0020
11;84169;84174;0145
11;84175;84180;0020
11;84181;84181;0145
11;84182;84183;0020
11;84184;84186;0145
11;84187;84187;0020
11;84188;84199;0145
11;84300;84309;0020
11;84310;84323;0143
11;84324;84326;0020
11;84327;84329;0143
11;84330;84333;0020
11;84334;84335;0143
11;84336;84337;0020
11;84338;84339;0143
11;84340;84349;0020
11;84350;84359;0143
11;84360;84364;0020
11;84365;84369;0143
11;84370;84371;0020
11;84372;84375;0143
11;84376;84385;0020
11;84386;84387;0143
11;84388;84399;0020
11;84400;84479;0007
11;84480;84489;0143
11;84490;84499;0145
11;84500;84509;0143
11;84510;84513;0007
11;84514;84533;0143
11;84534;84539;0007
11;84540;84543;0143
11;84544;84544;0007
11;84545;84546;0145
11;84547;84553;0143
11;84554;84555;0007
11;84556;84558;0143
11;84559;84559;0007
11;84560;84561;0143
11;84562;84562;0007
11;84563;84564;0145
11;84565;84571;0143
11;84572;84573;0145
11;84574;84999;0143
11;85000;85199;0012
11;85200;85499;0145
11;85500;85699;0007
11;85700;85719;0145
11;85720;85739;0007
11;85740;85769;0145
11;85770;85774;0007
11;85775;85999;0145
11;86000;86369;0012
11;86370;86389;0006
11;86390;86469;0012
11;86470;86476;0006
11;86477;86477;0012
11;86478;86480;0006
11;86481;86482;0012
11;86483;86483;0006
11;86484;86486;0012
11;86487;86491;0006
11;86492;86497;0012
11;86498;86499;0006
11;86500;86504;0012
11;86505;86505;0006
11;86506;86511;0012
11;86512;86513;0006
11;86514;86517;0012
11;86518;86519;0006
11;86520;86799;0012
11;86800;86829;0006
11;86830;86830;0012
11;86831;86833;0006
11;86834;86839;0012
11;86840;86842;0006
11;86843;86853;0012
11;86854;86854;0006
11;86855;86857;0012
11;86858;86862;0006
11;86863;86863;0012
11;86864;86865;0006
11;86866;86868;0012
11;86869;86871;0006
11;86872;86872;0012
11;86873;86875;0006
11;86876;86877;0012
11;86878;86879;0006
11;86880;86949;0012
11;86950;87999;0006
11;88000;88289;0008
11;88290;88329;0006
11;88330;88339;0008
11;88340;88349;0006
11;88350;88353;0008
11;88354;88361;0006
11;88362;88364;0008
11;88365;88367;0006
11;88368;88369;0008
11;88370;88459;0006
11;88460;88480;0010
11;88481;88481;0006
11;88482;88483;0010
11;88484;88486;0006
11;88487;88499;0010
11;88500;88512;0006
11;88513;88515;0010
11;88516;88519;0006
11;88520;88521;0010
11;88522;88525;0006
11;88526;88599;0010
11;88600;88609;0030
11;88610;88630;0008
11;88631;88631;0030
11;88632;88636;0008
11;88637;88639;0030
11;88640;88999;0008
11;89000;89160;0010
11;89161;89165;0006
11;89166;89250;0010
11;89251;89259;0006
11;89260;89279;0010
11;89280;89281;0006
11;89282;89284;0010
11;89285;89290;0006
11;89291;89291;0010
11;89292;89296;0006
11;89297;89297;0010
11;89298;89299;0006
11;89300;89999;0010
11;90000;91804;0013
11;91805;91805;0012
11;91806;92286;0013
11;92287;92287;0020
11;92288;92338;0013
11;92339;92339;0020
11;92340;92344;0013
11;92345;92345;0020
11;92346;92362;0013
11;92363;92363;0020
11;92364;92399;0013
11;92400;92499;0020
11;92500;92521;0013
11;92522;92529;0020
11;92530;92536;0013
11;92537;92545;0020
11;92546;92546;0013
11;92547;92549;0020
11;92550;92551;0013
11;92552;92554;0020
11;92555;92555;0013
11;92556;92599;0020
11;92600;92999;0013
11;93000;94999;0020
11;95000;95999;0028
11;96000;96299;0013
11;96300;96399;0028
11;96400;96499;0013
11;96500;96999;0028
11;97000;97999;0144
11;98000;98719;0031
11;98720;98999;0028
11;99000;99999;0031
14;1000;4999;1880
14;5000;9999;1640
31;00000;99999;1796
15;00000;99999;1595
2;00000;01999;1343
2;02000;02129;1337
2;02130;02139;1364
2;02140;02189;1337
2;02190;02199;1364
2;02200;02209;1337
2;02210;02219;1364
2;02220;02309;1337
2;02310;02319;1364
2;02320;02329;1337
2;02330;02339;1364
2;02340;02399;1337
2;02400;02409;1364
2;02410;02459;1337
2;02460;02479;1364
2;02480;02529;1337
2;02530;02549;1364
2;02550;02559;1337
2;02560;02579;1364
2;02580;02649;1337
2;02650;02659;1364
2;02660;02809;1337
2;02810;02819;1364
2;02820;02849;1337
2;02850;02859;1364
2;02860;02999;1337
2;03000;03999;1328
2;04000;05999;1344
2;06000;06999;1346
2;07000;07999;1349
2;08000;08999;1364
2;09000;09999;1325
2;10000;10999;1376
2;11000;11999;1320
2;12000;12099;1325
2;12100;12109;1345
2;12110;12229;1325
2;12230;12239;1345
2;12240;12999;1325
2;13000;13100;1344
2;13101;13104;1347
2;13105;13122;1344
2;13123;13123;1347
2;13124;13127;1344
2;13128;13129;1347
2;13130;13149;1344
2;13150;13159;1347
2;13160;13169;1340
2;13170;13199;1344
2;13200;13209;1347
2;13210;13219;1340
2;13220;13279;1344
2;13280;13289;1347
2;13290;13309;1344
2;13310;13319;1347
2;13320;13439;1344
2;13440;13449;1340
2;13450;13459;1344
2;13460;13469;1347
2;13470;13519;1344
2;13520;13529;1347
2;13530;13549;1344
2;13550;13579;1340
2;13580;13629;1344
2;13630;13639;1340
2;13640;13659;1344
2;13660;13679;1340
2;13680;13689;1344
2;13690;13699;1340
2;13700;13749;1344
2;13750;13759;1340
2;13760;13809;1344
2;13810;13819;1340
2;13820;13869;1344
2;13870;13879;1340
2;13880;13889;1344
2;13890;13899;1347
2;13900;13919;1340
2;13920;13929;1344
2;13930;13939;1347
2;13940;13949;1340
2;13950;13989;1344
2;13990;13999;1347
2;14000;14379;1377
2;14380;14389;1380
2;14390;14999;1377
2;15000;15999;1351
2;16000;17999;1321
2;18000;18999;1357
2;19000;19999;1366
2;20000;20999;1344
2;21000;21999;1341
2;22000;22999;1324
2;23000;23999;1355
2;24000;24999;1366
2;25000;25199;1341
2;25200;25209;0024
2;25210;25399;1341
2;25400;25409;0024
2;25410;25419;1341
2;25420;25429;0024
2;25430;25459;1341
2;25460;25469;0024
2;25470;25489;1341
2;25490;25499;0024
2;25500;25599;1341
2;25600;25609;0024
2;25610;25629;1341
2;25630;25639;0024
2;25640;25699;1341
2;25700;25709;0024
2;25710;25999;1341
2;26000;26109;1349
2;26110;26119;1340
2;26120;26769;1349
2;26770;26779;1340
2;26780;26789;1349
2;26790;26799;1340
2;26800;26999;1349
2;27000;27139;1336
2;27140;27159;1332
2;27160;27419;1336
2;27420;27429;1332
2;27430;27659;1336
2;27660;27669;1332
2;27670;27719;1336
2;27720;27729;1332
2;27730;27829;1336
2;27830;27839;1332
2;27840;27859;1336
2;27860;27879;1332
2;27880;27999;1336
2;28000;28999;1331
2;29000;29299;1318
2;29300;29319;1361
2;29320;29349;1318
2;29350;29369;1361
2;29370;29999;1318
2;30000;30132;1347
2;30133;30139;1340
2;30140;30219;1347
2;30220;30229;1345
2;30230;30239;1347
2;30240;30249;1345
2;30250;30399;1347
2;30400;30409;1340
2;30410;30469;1347
2;30470;30479;1345
2;30480;30659;1347
2;30660;30699;1345
2;30700;30739;1347
2;30740;30749;1345
2;30750;30999;1347
2;31000;32099;1325
2;32100;32109;1315
2;32110;32119;1322
2;32120;32149;1325
2;32150;32189;1322
2;32190;32199;1315
2;32200;32229;1325
2;32230;32249;1322
2;32250;32259;1315
2;32260;32289;1325
2;32290;32309;1322
2;32310;32319;1315
2;32320;32329;1322
2;32330;32369;1315
2;32370;32379;1322
2;32380;32399;1315
2;32400;32409;1322
2;32410;32419;1315
2;32420;32439;1325
2;32440;32449;1315
2;32450;32459;1325
2;32460;32469;1322
2;32470;32489;1315
2;32490;32499;1325
2;32500;32509;1315
2;32510;32699;1325
2;32700;32709;1315
2;32710;32799;1322
2;32800;32999;1315
2;33000;33219;1317
2;33220;33229;1366
2;33230;33999;1317
2;34000;34179;1345
2;34180;34199;1347
2;34200;34209;1345
2;34210;34229;1320
2;34230;34239;1345
2;34240;34249;1320
2;34250;34259;1345
2;34260;34269;1320
2;34270;34289;1345
2;34290;34299;1320
2;34300;34309;1345
2;34310;34339;1320
2;34340;34349;1345
2;34350;34379;1320
2;34380;34389;1345
2;34390;34399;1320
2;34400;34409;1345
2;34410;34429;1320
2;34430;34439;1345
2;34440;34449;1320
2;34450;34459;1345
2;34460;34469;1320
2;34470;34479;1345
2;34480;34509;1320
2;34510;34599;1345
2;34600;34629;1320
2;34630;34649;1345
2;34650;34659;1320
2;34660;34709;1345
2;34710;34719;1320
2;34720;34759;1345
2;34760;34769;1320
2;34770;34999;1345
2;35000;35599;1324
2;35600;35609;1361
2;35610;35999;1324
2;36000;36999;1356
2;37000;37999;1326
2;38000;38009;1342
2;38010;38099;1343
2;38100;38109;1342
2;38110;38110;1343
2;38111;38114;1342
2;38115;38118;1343
2;38119;38120;1342
2;38121;38129;1343
2;38130;38134;1342
2;38135;38139;1343
2;38140;38149;1342
2;38150;38159;1349
2;38160;38199;1342
2;38200;38209;1343
2;38210;38229;1342
2;38230;38239;1343
2;38240;38279;1342
2;38280;38309;1343
2;38310;38369;1342
2;38370;38379;1349
2;38380;38389;1342
2;38390;38399;1343
2;38400;38459;1342
2;38460;38469;1343
2;38470;38479;1342
2;38480;38499;1343
2;38500;38509;1342
2;38510;38519;1343
2;38520;38539;1342
2;38540;38549;1343
2;38550;38559;1349
2;38560;38629;1342
2;38630;38639;1343
2;38640;38669;1342
2;38670;38679;1343
2;38680;38779;1342
2;38780;38799;1343
2;38800;38889;1342
2;38890;38899;1343
2;38900;38999;1342
2;39000;39999;1341
2;40000;40999;1360
2;41000;41999;1326
2;42000;42219;1350
2;42220;42229;1349
2;42230;42409;1350
2;42410;42419;1349
2;42420;42519;1350
2;42520;42529;1349
2;42530;43099;1350
2;43100;43109;1328
2;43110;43229;1350
2;43230;43239;1328
2;43240;43249;1350
2;43250;43259;1328
2;43260;43299;1350
2;43300;43309;1328
2;43310;43359;1350
2;43360;43369;1328
2;43370;43379;1350
2;43380;43399;1328
2;43400;43409;1350
2;43410;43419;1328
2;43420;43439;1350
2;43440;43459;1328
2;43460;43999;1350
2;44000;44459;1319
2;44460;44469;1361
2;44470;44999;1319
2;45000;45999;1331
2;46000;46999;1325
2;47000;47999;1315
2;48000;48999;1351
2;49000;49109;1316
2;49110;49110;1327
2;49111;49119;1316
2;49120;49123;1327
2;49124;49229;1316
2;49230;49239;1327
2;49240;49269;1316
2;49270;49319;1327
2;49320;49339;1316
2;49340;49349;1327
2;49350;49359;1316
2;49360;49369;1327
2;49370;49379;1316
2;49380;49389;1327
2;49390;49409;1316
2;49410;49419;1327
2;49420;49449;1316
2;49450;49459;1327
2;49460;49509;1316
2;49510;49519;1327
2;49520;49529;1316
2;49530;49579;1327
2;49580;49599;1316
2;49600;49609;1327
2;49610;49619;1316
2;49620;49629;1327
2;49630;49659;1316
2;49660;49679;1327
2;49680;49689;1316
2;49690;49719;1327
2;49720;49739;1316
2;49740;49759;1327
2;49760;49999;1316
2;50000;50009;1377
2;50010;50179;1380
2;50180;50180;1377
2;50181;50679;1380
2;50680;50689;1377
2;50690;50809;1380
2;50810;50810;1377
2;50811;50999;1380
2;51000;51999;1364
2;52000;52999;1330
2;53000;53999;1316
2;54000;54110;1330
2;54111;54111;0022
2;54112;54134;1330
2;54135;54135;0022
2;54136;54189;1330
2;54190;54199;0022
2;54200;54259;1330
2;54260;54269;0022
2;54270;54349;1330
2;54350;54359;0022
2;54360;54399;1330
2;54400;54409;0022
2;54410;54429;1330
2;54430;54449;0022
2;54450;54489;1330
2;54490;54499;0022
2;54500;54559;1330
2;54560;54569;0022
2;54570;54589;1330
2;54590;54599;0022
2;54600;54619;1330
2;54620;54629;0022
2;54630;54639;1330
2;54640;54659;0022
2;54660;54679;1330
2;54680;54689;0022
2;54690;54719;1330
2;54720;54739;0022
2;54740;54749;1330
2;54750;54759;0022
2;54760;54789;1330
2;54790;54799;0022
2;54800;54809;1330
2;54810;54819;0022
2;54820;54859;1330
2;54860;54889;0022
2;54890;54919;1330
2;54920;54929;0022
2;54930;54959;1330
2;54960;54979;0022
2;54980;55109;1330
2;55110;55119;1364
2;55120;55149;1330
2;55150;55159;0022
2;55160;55229;1330
2;55230;55249;0022
2;55250;55599;1330
2;55600;55799;1364
2;55800;55999;1330
2;56000;56999;1361
2;57000;57149;1330
2;57150;57150;0022
2;57151;57199;1330
2;57200;57239;0022
2;57240;57319;1330
2;57320;57359;0022
2;57360;57369;1330
2;57370;57419;0022
2;57420;57429;1330
2;57430;57520;0022
2;57521;57539;1330
2;57540;57579;0022
2;57580;57599;1330
2;57600;57629;0022
2;57630;57630;1330
2;57631;57639;0022
2;57640;57649;1330
2;57650;57679;0022
2;57680;57689;1330
2;57690;57699;0022
2;57700;57709;1330
2;57710;57749;0022
2;57750;57799;1330
2;57800;57809;0022
2;57810;57819;1330
2;57820;57829;0022
2;57830;57839;1330
2;57840;57849;0022
2;57850;57850;1338
2;57851;57869;1330
2;57870;57919;0022
2;57920;57929;1330
2;57930;57930;0022
2;57931;57959;1330
2;57960;57969;0022
2;57970;57979;1330
2;57980;57999;0022
2;58000;58999;1358
2;59000;59110;1625
2;59111;59113;1306
2;59114;59118;1625
2;59119;59119;1306
2;59120;59120;1625
2;59121;59121;1306
2;59122;59123;1625
2;59124;59125;1306
2;59126;59126;1625
2;59127;59129;1306
2;59130;59130;1625
2;59131;59139;1306
2;59140;59140;1625
2;59141;59142;1306
2;59143;59143;1625
2;59144;59149;1306
2;59150;59150;1625
2;59151;59151;1306
2;59152;59153;1625
2;59154;59165;1306
2;59166;59166;1625
2;59167;59169;1306
2;59170;59170;1625
2;59171;59172;1306
2;59173;59173;1625
2;59174;59179;1306
2;59180;59181;1625
2;59182;59188;1306
2;59189;59190;1625
2;59191;59192;1306
2;59193;59193;1625
2;59194;59199;1306
2;59200;59210;1625
2;59211;59222;1306
2;59223;59223;1625
2;59224;59227;1306
2;59228;59229;1625
2;59230;59231;1306
2;59232;59232;1625
2;59233;59235;1306
2;59236;59236;1625
2;59237;59239;1306
2;59240;59240;1625
2;59241;59249;1306
2;59250;59250;1625
2;59251;59253;1306
2;59254;59254;1625
2;59255;59259;1306
2;59260;59260;1625
2;59261;59269;1306
2;59270;59270;1625
2;59271;59278;1306
2;59279;59280;1625
2;59281;59283;1306
2;59284;59285;1625
2;59286;59289;1306
2;59290;59290;1625
2;59291;59297;1306
2;59298;59299;1625
2;59300;59339;1306
2;59340;59359;1625
2;59360;59369;1306
2;59370;59399;1625
2;59400;59419;1306
2;59420;59439;1625
2;59440;59469;1306
2;59470;59479;1625
2;59480;59490;1306
2;59491;59493;1625
2;59494;59494;1306
2;59495;59495;1625
2;59496;59509;1306
2;59510;59529;1625
2;59530;59559;1306
2;59560;59569;1625
2;59570;59629;1306
2;59630;59679;1625
2;59680;59699;1306
2;59700;59709;1625
2;59710;59759;1306
2;59760;59769;1625
2;59770;59770;1306
2;59771;59809;1625
2;59810;59819;1306
2;59820;59829;1625
2;59830;59849;1306
2;59850;59859;1625
2;59860;59889;1306
2;59890;59919;1625
2;59920;59929;1306
2;59930;59949;1625
2;59950;59959;1306
2;59960;59969;1625
2;59970;59999;1306
2;60000;60112;1332
2;60113;60113;1337
2;60114;60117;1335
2;60118;60119;1332
2;60120;60120;1337
2;60121;60129;1335
2;60130;60130;1337
2;60131;60134;1332
2;60135;60139;1337
2;60140;60140;1332
2;60141;60141;1335
2;60142;60149;1332
2;60150;60153;1337
2;60154;60155;1332
2;60156;60159;1337
2;60160;60160;1332
2;60161;60170;1337
2;60171;60189;1332
2;60190;60209;1337
2;60210;60279;1332
2;60280;60289;1337
2;60290;60299;1332
2;60300;60309;1335
2;60310;60329;1337
2;60330;60339;1335
2;60340;60349;1332
2;60350;60359;1337
2;60360;60399;1332
2;60400;60409;1337
2;60410;60419;1335
2;60420;60429;1337
2;60430;60439;1332
2;60440;60449;1335
2;60450;60469;1332
2;60470;60499;1337
2;60500;60519;1332
2;60520;60529;1335
2;60530;60559;1332
2;60560;60569;1335
2;60570;60579;1332
2;60580;60589;1335
2;60590;60609;1332
2;60610;60619;1337
2;60620;60629;1335
2;60630;60649;1337
2;60650;60669;1332
2;60670;60689;1337
2;60690;60699;1332
2;60700;60719;1335
2;60720;60749;1332
2;60750;60759;1337
2;60760;60799;1332
2;60800;60819;1335
2;60820;60879;1332
2;60880;60889;1337
2;60890;60899;1335
2;60900;60949;1332
2;60950;60959;1335
2;60960;60999;1332
2;61000;61999;1379
2;62000;62999;1306
2;63000;63999;1328
2;64000;65369;1322
2;65370;65379;1325
2;65380;65999;1322
2;66000;66999;1320
2;67000;67259;1338
2;67260;67269;0022
2;67270;67319;1338
2;67320;67329;0022
2;67330;67429;1338
2;67430;67439;0022
2;67440;67969;1338
2;67970;67979;0022
2;67980;68099;1338
2;68100;68121;0024
2;68122;68126;1338
2;68127;68139;0024
2;68140;68169;1338
2;68170;68179;0024
2;68180;68189;1338
2;68190;68229;0024
2;68230;68249;1338
2;68250;68279;0024
2;68280;68289;1338
2;68290;68319;0024
2;68320;68329;1338
2;68330;68339;0024
2;68340;68349;1338
2;68350;68369;0024
2;68370;68389;1338
2;68390;68409;0024
2;68410;68429;1338
2;68430;68589;0024
2;68590;68599;1338
2;68600;68629;0024
2;68630;68639;1338
2;68640;68649;0024
2;68650;68669;1338
2;68670;68749;0024
2;68750;68759;1338
2;68760;68769;0024
2;68770;68779;1338
2;68780;68899;0024
2;68900;68929;1338
2;68930;68969;0024
2;68970;68989;1338
2;68990;68999;0024
2;69000;69999;1343
2;70000;70999;1330
2;71000;71099;1343
2;71100;71110;1341
2;71111;71119;1343
2;71120;71679;1341
2;71680;71699;1343
2;71700;71809;1341
2;71810;71859;1343
2;71860;71999;1341
2;72000;72599;1316
2;72600;72619;1379
2;72620;72999;1316
2;73000;73999;1342
2;74000;74999;1339
2;75000;75999;1367
2;76000;76999;1336
2;77000;77009;1334
2;77010;77109;1335
2;77110;77111;1334
2;77112;77114;1335
2;77115;77119;1334
2;77120;77122;1335
2;77123;77123;1334
2;77124;77125;1335
2;77126;77130;1334
2;77131;77132;1335
2;77133;77133;1334
2;77134;77139;1335
2;77140;77140;1334
2;77141;77147;1335
2;77148;77149;1334
2;77150;77165;1335
2;77166;77167;1334
2;77168;77169;1335
2;77170;77170;1334
2;77171;77175;1335
2;77176;77176;1334
2;77177;77189;1335
2;77190;77199;1334
2;77200;77209;1335
2;77210;77219;1334
2;77220;77239;1335
2;77240;77259;1334
2;77260;77299;1335
2;77300;77319;1334
2;77320;77349;1335
2;77350;77359;1334
2;77360;77379;1335
2;77380;77389;1334
2;77390;77429;1335
2;77430;77439;1334
2;77440;77459;1335
2;77460;77469;1334
2;77470;77549;1335
2;77550;77559;1334
2;77560;77569;1335
2;77570;77579;1334
2;77580;77589;1335
2;77590;77599;1334
2;77600;77619;1335
2;77620;77639;1334
2;77640;77669;1335
2;77670;77679;1334
2;77680;77689;1335
2;77690;77699;1334
2;77700;77709;1335
2;77710;77719;1334
2;77720;77759;1335
2;77760;77839;1334
2;77840;77849;1335
2;77850;77859;1334
2;77860;77869;1335
2;77870;77889;1334
2;77890;77899;1331
2;77900;77919;1335
2;77920;77969;1334
2;77970;77999;1335
2;78000;78099;1334
2;78100;78112;1332
2;78113;78119;1334
2;78120;78120;1331
2;78121;78124;1332
2;78125;78125;1331
2;78126;78139;1332
2;78140;78159;1334
2;78160;78179;1332
2;78180;78199;1334
2;78200;78209;1332
2;78210;78229;1334
2;78230;78279;1332
2;78280;78289;1334
2;78290;78309;1332
2;78310;78339;1334
2;78340;78349;1332
2;78350;78359;1334
2;78360;78389;1332
2;78390;78399;1334
2;78400;78459;1332
2;78460;78479;1334
2;78480;78489;1332
2;78490;78499;1334
2;78500;78529;1332
2;78530;78539;1334
2;78540;78609;1332
2;78610;78619;1334
2;78620;78659;1332
2;78660;78669;1331
2;78670;78689;1332
2;78690;78699;1334
2;78700;78719;1332
2;78720;78729;1334
2;78730;78739;1331
2;78740;78759;1332
2;78760;78769;1334
2;78770;78829;1332
2;78830;78839;1334
2;78840;78949;1332
2;78950;78950;1334
2;78951;78959;1332
2;78960;78969;1334
2;78970;78989;1332
2;78990;78999;1334
2;79000;79099;1321
2;79100;79109;1327
2;79110;79139;1321
2;79140;79159;1327
2;79160;79249;1321
2;79250;79259;1327
2;79260;79279;1321
2;79280;79309;1327
2;79310;79319;1321
2;79320;79339;1327
2;79340;79349;1321
2;79350;79359;1327
2;79360;79379;1321
2;79380;79389;1327
2;79390;79429;1321
2;79430;79449;1327
2;79450;79599;1321
2;79600;79799;1327
2;79800;79999;1321
2;80000;80999;1337
2;81000;82099;1325
2;82100;82119;1315
2;82120;82129;1325
2;82130;82139;1315
2;82140;82149;1325
2;82150;82159;1315
2;82160;82179;1325
2;82180;82219;1315
2;82220;82339;1325
2;82340;82349;1315
2;82350;82359;1325
2;82360;82369;1315
2;82370;82379;1325
2;82380;82409;1315
2;82410;82999;1325
2;83000;83109;1346
2;83110;83110;1344
2;83111;83139;1346
2;83140;83142;1344
2;83143;83149;1346
2;83150;83159;1344
2;83160;83189;1346
2;83190;83199;1344
2;83200;83269;1346
2;83270;83279;1344
2;83280;83329;1346
2;83330;83339;1344
2;83340;83429;1346
2;83430;83439;1344
2;83440;83499;1346
2;83500;83509;1344
2;83510;83559;1346
2;83560;83569;1344
2;83570;83639;1346
2;83640;83649;1344
2;83650;83739;1346
2;83740;83749;1344
2;83750;83859;1346
2;83860;83869;1344
2;83870;83899;1346
2;83900;83919;1344
2;83920;83999;1346
2;84000;84119;1340
2;84120;84129;1344
2;84130;84159;1340
2;84160;84169;1344
2;84170;84239;1340
2;84240;84249;1344
2;84250;84359;1340
2;84360;84369;1344
2;84370;84519;1340
2;84520;84539;1344
2;84540;84759;1340
2;84760;84799;1344
2;84800;84999;1340
2;85000;85419;1327
2;85420;85429;1321
2;85430;85489;1327
2;85490;85499;1321
2;85500;85999;1327
2;86000;86099;1321
2;86100;86109;1326
2;86110;86119;1321
2;86120;86129;1326
2;86130;86139;1321
2;86140;86149;1326
2;86150;86199;1321
2;86200;86239;1326
2;86240;86259;1321
2;86260;86279;1326
2;86280;86419;1321
2;86420;86429;1326
2;86430;86449;1321
2;86450;86459;1326
2;86460;86489;1321
2;86490;86499;1326
2;86500;86519;1321
2;86520;86549;1326
2;86550;86999;1321
2;87000;87999;1355
2;88000;88999;1330
2;89000;89999;1376
2;90000;90999;0024
2;91000;91149;1334
2;91150;91159;1331
2;91160;91409;1334
2;91410;91419;1331
2;91420;91659;1334
2;91660;91679;1331
2;91680;91689;1334
2;91690;91699;1331
2;91700;91739;1334
2;91740;91749;1331
2;91750;91779;1334
2;91780;91789;1331
2;91790;91919;1334
2;91920;91939;1331
2;91940;91999;1334
2;92000;92099;1332
2;92100;92109;1334
2;92110;92119;1367
2;92120;92149;1334
2;92150;92159;1332
2;92160;92199;1334
2;92200;92209;1367
2;92210;92229;1334
2;92230;92239;1332
2;92240;92249;1334
2;92250;92259;1332
2;92260;92269;1334
2;92270;92279;1332
2;92280;92299;1334
2;92300;92309;1367
2;92310;92389;1334
2;92390;92409;1332
2;92410;92499;1334
2;92500;92999;1332
2;93000;93099;1335
2;93100;93109;1367
2;93110;93169;1335
2;93170;93179;1367
2;93180;93209;1335
2;93210;93219;1367
2;93220;93229;1335
2;93230;93239;1367
2;93240;93259;1335
2;93260;93269;1367
2;93270;93299;1335
2;93300;93319;1367
2;93320;93399;1335
2;93400;93409;1367
2;93410;93429;1335
2;93430;93439;1332
2;93440;93449;1335
2;93450;93459;1332
2;93460;93499;1335
2;93500;93509;1367
2;93510;93799;1335
2;93800;93999;1332
2;94000;94119;1334
2;94120;94139;1335
2;94140;94159;1334
2;94160;94169;1367
2;94170;94179;1335
2;94180;94299;1334
2;94300;94309;1367
2;94310;94339;1334
2;94340;94369;1335
2;94370;94419;1334
2;94420;94439;1335
2;94440;94499;1334
2;94500;94519;1335
2;94520;94879;1334
2;94880;94999;1335
2;95000;95139;1332
2;95140;95149;1335
2;95150;95189;1332
2;95190;95209;1335
2;95210;95379;1332
2;95380;95389;1335
2;95390;95399;1332
2;95400;95409;1335
2;95410;95469;1332
2;95470;95479;1335
2;95480;95499;1332
2;95500;95509;1335
2;95510;95669;1332
2;95670;95679;1335
2;95680;95699;1332
2;95700;95709;1335
2;95710;95999;1332
2;98000;98000;1346
23;AB;AB;1419
23;AL;AL;1429
23;B;B;1429
23;B0;B0;1429
23;BA;BA;1423
23;BB;BB;1427
23;BD;BD;1427
23;BH;BH;1416
23;BL;BL;1427
23;BN;BN;1428
23;BR;BR;1428
23;BS;BS;1423
23;BT;BT;1437
23;BT47;BT47;1438
23;BT5;BT5;1437
23;BT51;BT51;1438
23;BT53;BT53;1437
23;BT79;BT79;1438
23;BT8;BT8;1437
23;BT81;BT81;1438
23;BT83;BT83;1437
23;CA;CA;1418
23;CB;CB;1429
23;CF;CF;1425
23;CH;CH;1427
23;CM;CM;1428
23;CO;CO;1428
23;CR;CR;1428
23;CT;CT;1428
23;CV;CV;1429
23;CW;CW;1427
23;DA;DA;1428
23;DD;DD;1419
23;DE;DE;1429
23;DE4;DE4;1427
23;DE5;DE5;1429
23;DG;DG;1418
23;DG10;DG10;1419
23;DG11;DG11;1418
23;DG3;DG3;1419
23;DG5;DG5;1418
23;DH;DH;1418
23;DL;DL;1418
23;DN;DN;1427
23;DN15;DN15;1420
23;DN2;DN2;1427
23;DN20;DN20;1420
23;DN3;DN3;1427
23;DN31;DN31;1420
23;DN4;DN4;1427
23;DN40;DN40;1420
23;DN5;DN5;1427
23;DT;DT;1416
23;DY;DY;1429
23;DY12;DY12;1421
23;DY13;DY13;1429
23;DY14;DY14;1421
23;DY2;DY2;1429
23;E;E;1428
23;E0;E0;1428
23;EC;EC;1428
23;EH;EH;1419
23;EN;EN;1428
23;EX;EX;1423
23;FK;FK;1419
23;FY;FY;1427
23;G;G;1419
23;G0;G0;1419
23;GL;GL;1425
23;GU;GU;1415
23;GY;GY;1416
23;HA;HA;1415
23;HD;HD;1427
23;HG;HG;1418
23;HP;HP;1429
23;HR;HR;1425
23;HS;HS;1419
23;HU;HU;1420
23;HX;HX;1427
23;IG;IG;1428
23;IM;IM;1418
23;IP;IP;1426
23;IV;IV;1419
23;JE;JE;1416
23;KA;KA;1419
23;KT;KT;1415
23;KW;KW;1419
23;KY;KY;1419
23;L;L;1427
23;L0;L0;1427
23;LA;LA;1418
23;LD;LD;1421
23;LD2;LD2;1425
23;LD6;LD6;1421
23;LE;LE;1429
23;LL;LL;1427
23;LN;LN;1426
23;LS;LS;1427
23;LU;LU;1429
23;M;M;1427
23;M0;M0;1427
23;ME;ME;1428
23;MK;MK;1429
23;ML;ML;1419
23;N;N;1428
23;N0;N0;1428
23;NE;NE;1418
23;NG;NG;1429
23;NG20;NG20;1426
23;NG25;NG25;1429
23;NG31;NG31;1426
23;NG4;NG4;1429
23;NN;NN;1429
23;NP;NP;1425
23;NR;NR;1426
23;NW;NW;1428
23;OL;OL;1427
23;OX;OX;1429
23;PA;PA;1419
23;PE;PE;1429
23;PE11;PE11;1426
23;PE13;PE13;1429
23;PE17;PE17;1426
23;PE18;PE18;1429
23;PE20;PE20;1426
23;PE26;PE26;1429
23;PE30;PE30;1426
23;PE4;PE4;1429
23;PH;PH;1419
23;PL;PL;1423
23;PO;PO;1415
23;PO30;PO30;1416
23;PO4;PO4;1415
23;PO40;PO40;1416
23;PO5;PO5;1415
23;PR;PR;1427
23;RG;RG;1415
23;RH;RH;1428
23;RM;RM;1428
23;S;S;1427
23;S0;S0;1427
23;SA;SA;1425
23;SE;SE;1428
23;SG;SG;1429
23;SK;SK;1427
23;SL;SL;1415
23;SM;SM;1428
23;SN;SN;1423
23;SO;SO;1416
23;SO18;SO18;1415
23;SO19;SO19;1416
23;SO20;SO20;1415
23;SO31;SO31;1416
23;SO32;SO32;1415
23;SO40;SO40;1416
23;SO50;SO50;1415
23;SO51;SO51;1416
23;SO52;SO52;1415
23;SO53;SO53;1416
23;SP;SP;1416
23;SP10;SP10;1415
23;SP2;SP2;1416
23;SP9;SP9;1415
23;SR;SR;1418
23;SS;SS;1428
23;ST;ST;1427
23;ST12;ST12;1421
23;ST13;ST13;1427
23;ST14;ST14;1429
23;ST15;ST15;1421
23;ST2;ST2;1427
23;ST20;ST20;1421
23;ST3;ST3;1427
23;SW;SW;1428
23;SY;SY;1421
23;SY23;SY23;1425
23;SY3;SY3;1421
23;TA;TA;1423
23;TD;TD;1419
23;TD5;TD5;1418
23;TD6;TD6;1419
23;TD8;TD8;1418
23;TF;TF;1421
23;TN;TN;1428
23;TQ;TQ;1423
23;TR;TR;1423
23;TS;TS;1418
23;TS12;TS12;1420
23;TS14;TS14;1418
23;TW;TW;1415
23;UB;UB;1415
23;W;W;1428
23;W0;W0;1428
23;WA;WA;1427
23;WC;WC;1428
23;WD;WD;1415
23;WF;WF;1427
23;WN;WN;1427
23;WR;WR;1429
23;WR13;WR13;1425
23;WR15;WR15;1421
23;WR2;WR2;1429
23;WR6;WR6;1421
23;WR7;WR7;1425
23;WR78;WR78;1429
23;WR8;WR8;1425
23;WR9;WR9;1429
23;WS;WS;1429
23;WV;WV;1421
23;YO;YO;1420
23;YO8;YO8;1427
23;YO90;YO90;1420
23;ZE;ZE;1419
37;00000;36999;1683
37;37000;48999;1684
37;49000;49999;1683
37;50000;69999;1684
37;70000;79999;1685
37;80000;89999;1683
30;00000;19999;1460
30;20000;21999;1463
30;22000;23429;1462
30;23430;23449;1460
30;23450;29999;1462
30;30000;35428;1464
30;35429;49999;1460
30;50000;51324;1461
30;51325;51399;1460
30;51400;52999;1461
30;53000;53269;1460
30;53270;53288;1461
30;53289;59999;1462
18;0000;2699;1720
18;2700;2709;1721
18;2710;2711;1720
18;2712;2719;1721
18;2720;2739;1720
18;2740;2759;1721
18;2760;2767;1720
18;2768;2768;1721
18;2769;3399;1720
18;3400;4999;1722
18;5000;5099;1721
18;5100;5199;1720
18;5200;5243;1721
18;5244;5299;1722
18;5300;5349;1721
18;5350;5399;1722
18;5400;6999;1721
18;7000;7514;1723
18;7515;7516;1724
18;7517;7713;1723
18;7714;7716;1721
18;7717;7999;1723
18;8000;8249;1720
18;8250;8399;1724
18;8400;8449;1720
18;8450;8499;1724
18;8500;8609;1720
18;8610;8646;1723
18;8647;8649;1724
18;8650;8699;1723
18;8700;8999;1724
18;9000;9299;1720
18;9300;9999;1724
19;00000;01999;1432
19;02000;02999;1431
19;03000;03999;1434
19;04000;04115;1435
19;04116;04116;1434
19;04117;04131;1435
19;04132;04132;1434
19;04133;04332;1435
19;04333;04333;1434
19;04334;04343;1435
19;04344;04344;1434
19;04345;04999;1435
19;05000;05999;1438
19;06000;06999;1432
19;07000;07040;1436
19;07041;07041;1431
19;07042;07278;1436
19;07279;07279;1434
19;07280;07999;1436
19;08000;08017;1434
19;08018;08019;1435
19;08020;08068;1434
19;08069;08069;1435
19;08070;08114;1434
19;08115;08115;1435
19;08116;08144;1434
19;08145;08145;1435
19;08146;08193;1434
19;08194;08194;1435
19;08195;08999;1434
19;09000;10066;1432
19;10067;10067;1434
19;10068;10129;1432
19;10130;10130;1434
19;10131;11999;1432
19;12000;12002;1431
19;12003;12003;1433
19;12004;12072;1431
19;12073;12073;1438
19;12074;12999;1431
19;13000;13999;1434
19;14000;14999;1431
19;15000;15999;1432
19;16000;16053;1433
19;16054;16054;1434
19;16055;16999;1433
19;17000;17999;1432
19;18000;18044;1431
19;18045;18045;1432
19;18046;19012;1431
19;19013;19013;1434
19;19014;19014;1431
19;19015;19015;1434
19;19016;19016;1431
19;19017;19017;1432
19;19018;19024;1431
19;19025;19025;1432
19;19026;19028;1431
19;19029;19029;1432
19;19030;19031;1434
19;19032;19041;1431
19;19042;19042;1434
19;19043;19050;1431
19;19051;19051;1432
19;19052;19084;1431
19;19085;19085;1432
19;19086;19092;1431
19;19093;19093;1434
19;19094;20018;1431
19;20019;20019;1436
19;20020;20999;1431
19;21000;21014;1433
19;21015;21015;1438
19;21016;21038;1433
19;21039;21039;1431
19;21040;21049;1433
19;21050;21050;1431
19;21051;21081;1433
19;21082;21082;1431
19;21083;21095;1433
19;21096;21096;1431
19;21097;21999;1433
19;22000;22009;1434
19;22010;22010;1435
19;22011;22013;1434
19;22014;22014;1432
19;22015;22050;1434
19;22051;22051;1432
19;22052;22057;1434
19;22058;22058;1435
19;22059;22064;1434
19;22065;22065;1432
19;22066;22081;1434
19;22082;22082;1432
19;22083;22136;1434
19;22137;22137;1432
19;22138;22145;1434
19;22146;22146;1432
19;22147;22165;1434
19;22166;22166;1435
19;22167;22999;1434
19;23000;23001;1435
19;23002;23002;1432
19;23003;23004;1435
19;23005;23006;1432
19;23007;23007;1435
19;23008;23008;1432
19;23009;23011;1435
19;23012;23012;1432
19;23013;23013;1434
19;23014;23014;1435
19;23015;23015;1432
19;23016;23018;1435
19;23019;23019;1432
19;23020;23020;1435
19;23021;23022;1432
19;23023;23023;1435
19;23024;23024;1432
19;23025;23026;1435
19;23027;23028;1432
19;23029;23031;1435
19;23032;23033;1432
19;23034;23038;1435
19;23039;23039;1432
19;23040;23040;1435
19;23041;23041;1432
19;23042;23042;1435
19;23043;23049;1432
19;23050;23050;1435
19;23051;23054;1432
19;23055;23056;1435
19;23057;23057;1432
19;23058;23058;1434
19;23059;23060;1435
19;23061;23061;1432
19;23062;23062;1434
19;23063;23064;1432
19;23065;23065;1435
19;23066;23067;1432
19;23068;23068;1435
19;23069;23072;1432
19;23073;23073;1434
19;23074;23076;1432
19;23077;23077;1434
19;23078;23078;1435
19;23079;23079;1432
19;23080;23080;1435
19;23081;23081;1434
19;23082;23083;1432
19;23084;23084;1435
19;23085;23085;1432
19;23086;23087;1435
19;23088;23088;1432
19;23089;23090;1435
19;23091;23095;1432
19;23096;23096;1435
19;23097;23097;1434
19;23098;23107;1432
19;23108;23108;1435
19;23109;23116;1432
19;23117;23119;1435
19;23120;23122;1432
19;23123;23123;1435
19;23124;23124;1432
19;23125;23125;1435
19;23126;23126;1432
19;23127;23127;1435
19;23128;23128;1432
19;23129;23129;1435
19;23130;23131;1435
19;23132;23999;1432
19;24000;24999;1431
19;25000;26099;1432
20;00000;00029;1178
20;00030;00042;1160
20;00043;00044;1178
20;00045;00045;1160
20;00046;00047;1178
20;00048;00049;1160
20;00050;00063;1178
20;00064;00064;1159
20;00065;00070;1178
20;00071;00076;1160
20;00077;00118;1178
20;00119;00119;1160
20;00120;00120;1178
20;00121;00122;1160
20;00123;00123;1178
20;00124;00127;1160
20;00128;00133;1178
20;00134;00134;1160
20;00135;00999;1178
20;01000;02999;1159
20;03000;03999;1178
20;04000;04999;1160
20;05000;05999;1159
20;06000;06999;1188
20;07000;09999;1182
20;10000;11999;1168
20;12000;12999;1167
20;13000;13999;1169
20;14000;15999;1193
20;16000;18999;1174
20;19000;19137;1157
20;19138;19999;1176
20;20000;20010;1149
20;20011;20011;1170
20;20012;20012;1149
20;20013;20021;1170
20;20022;20023;1149
20;20024;20024;1170
20;20025;20025;1149
20;20026;20026;1170
20;20027;20029;1149
20;20030;20039;1170
20;20040;20042;1164
20;20043;20055;1190
20;20056;20056;1164
20;20057;20061;1190
20;20062;20062;1164
20;20063;20064;1190
20;20065;20065;1164
20;20066;20068;1190
20;20069;20069;1164
20;20070;20080;1190
20;20081;20081;1170
20;20082;20086;1190
20;20087;20087;1170
20;20088;20090;1190
20;20091;20092;1170
20;20093;20094;1190
20;20095;20095;1170
20;20096;20098;1190
20;20099;20128;1170
20;20129;20147;1190
20;20148;20814;1170
20;20815;20830;1187
20;20831;20860;1170
20;20861;20861;1190
20;20862;20862;1170
20;20863;20899;1164
20;20900;20999;1170
20;21000;21999;1149
20;22000;22999;1187
20;23000;23199;1170
20;23800;23999;1187
20;24000;24999;1164
20;25000;25999;1186
20;26000;26029;1153
20;26030;26042;1151
20;26043;26043;1153
20;26044;26045;1151
20;26046;26199;1153
20;26800;26813;1190
20;26814;26814;1153
20;26815;26815;1190
20;26816;26816;1153
20;26817;26820;1190
20;26821;26824;1153
20;26825;26825;1190
20;26826;26828;1153
20;26829;26840;1190
20;26841;26850;1153
20;26851;26855;1190
20;26856;26856;1153
20;26857;26860;1190
20;26861;26865;1153
20;26866;26866;1190
20;26867;26899;1153
20;26900;27010;1190
20;27011;27011;1153
20;27012;27016;1190
20;27017;27017;1153
20;27018;27019;1190
20;27020;27020;1173
20;27021;27022;1190
20;27023;27039;1173
20;27040;27041;1153
20;27042;27042;1193
20;27043;27047;1153
20;27048;27048;1193
20;27049;27049;1153
20;27050;27050;1193
20;27051;27051;1173
20;27052;27056;1193
20;27057;27057;1153
20;27058;27058;1193
20;27059;27099;1153
20;27100;27999;1190
20;28000;28010;1169
20;28011;28011;1170
20;28012;28027;1169
20;28028;28039;1170
20;28040;28045;1169
20;28046;28046;1170
20;28047;28800;1169
20;28801;28999;1170
20;29000;29999;1153
20;30000;30012;1172
20;30013;30013;1163
20;30014;30015;1172
20;30016;30022;1163
20;30023;30023;1165
20;30024;30024;1163
20;30025;30026;1165
20;30027;30027;1163
20;30028;30028;1165
20;30029;30029;1163
20;30030;30170;1172
20;30171;30174;1163
20;30175;30999;1172
20;31000;31999;1163
20;32000;32999;1148
20;33000;33069;1165
20;33070;33071;1163
20;33072;33073;1165
20;33074;33074;1163
20;33075;33075;1165
20;33076;33077;1163
20;33078;33079;1165
20;33080;33080;1163
20;33081;33081;1148
20;33082;33084;1163
20;33085;33086;1148
20;33087;33089;1163
20;33090;33094;1148
20;33095;33109;1165
20;33110;33999;1163
20;34000;34069;1172
20;34070;34120;1165
20;34121;34169;1172
20;34170;34999;1165
20;35000;35999;1172
20;36000;36999;1166
20;37000;37999;1171
20;38000;38999;1162
20;39000;39999;1161
20;40000;40999;1175
20;41000;41999;1154
20;42000;42999;1194
20;43000;43999;1185
20;44000;44999;1175
20;45000;45999;1172
20;46000;46999;1151
20;47000;49999;1156
20;50000;52029;1176
20;52030;52040;1188
20;52041;53025;1176
20;53026;53026;1188
20;53027;53043;1176
20;53044;53044;1188
20;53045;53048;1176
20;53049;53049;1188
20;53050;53999;1176
20;54000;58999;1157
20;59000;59999;1176
20;60000;61010;1177
20;61011;61012;1156
20;61013;61016;1177
20;61017;61019;1156
20;61020;61021;1177
20;61022;61022;1156
20;61023;61024;1177
20;61025;61025;1156
20;61026;61099;1177
20;61100;61999;1156
20;62000;62999;1177
20;63000;63799;1158
20;63800;63821;1177
20;63822;63830;1158
20;63831;63837;1177
20;63838;63838;1158
20;63839;63839;1177
20;63840;64023;1158
20;64024;64025;1189
20;64026;64027;1158
20;64028;64031;1189
20;64032;64032;1158
20;64033;64039;1189
20;64040;64040;1158
20;64041;64042;1189
20;64043;64044;1158
20;64045;64045;1189
20;64046;64047;1158
20;64048;64099;1189
20;64100;64199;1158
20;64200;69999;1189
20;70000;70999;1180
20;71000;71999;1189
20;72000;76014;1180
20;76015;76120;1189
20;76121;76999;1180
20;80000;85999;1179
20;86000;86999;1189
20;87000;89999;1181
20;90000;91999;1183
20;92000;98999;1184
35;00000;99999;1798
21;0000;9999;1618
32;1000;9999;1797
4;11000;11999;1833
4;14000;19999;1833
4;30000;39999;1833
4;50000;51999;1833
4;53000;53999;1833
4;60000;69999;1833
4;90000;99999;1833
;0000;3199;1846
;3201;3299;1846
;3353;4000;1846
;4030;4501;1846
;4525;5500;1846
;5537;5700;1846
;5716;5716;1846
;5729;6599;1846
;6637;7799;1846
53;0000;9999;1457
17;0000;3732;1529
17;3733;3734;1528
17;3735;3749;1529
17;3750;3754;1528
17;3755;3759;1529
17;3760;3941;1528
17;3942;3945;1529
17;3946;3959;1528
17;3960;3961;1529
17;3962;3969;1528
17;3970;3999;1529
17;4000;4122;1528
17;4123;4124;1529
17;4125;4126;1528
17;4127;4139;1529
17;4140;4159;1528
17;4160;4169;1529
17;4170;4199;1528
17;4200;4243;1529
17;4244;4245;1528
17;4246;4499;1529
17;4500;4599;1621
17;4600;5059;1529
17;5060;5069;1528
17;5070;5074;1529
17;5075;5099;1528
17;5100;5199;1529
17;5200;5249;1528
17;5250;5257;1529
17;5258;5305;1528
17;5306;5307;1529
17;5308;6099;1528
17;6100;6499;0019
17;6500;7439;1528
17;7440;7999;0039
17;8000;8103;1528
17;8104;8105;0039
17;8106;8144;1528
17;8145;8159;0039
17;8160;8299;1528
17;8300;9999;0039
22;0000;2477;1890
22;2478;2561;1895
22;2562;3809;1890
22;3810;3999;1896
22;4000;4499;1897
22;4500;4999;1896
22;5000;5499;1898
22;5500;5599;1897
22;5600;5999;1898
22;6000;6799;1894
22;6800;6999;1898
22;7000;7881;1895
22;7882;7899;1893
22;7900;7975;1895
22;7976;7976;1893
22;7977;7979;1895
22;7980;8098;1893
22;8099;8099;1895
22;8100;8399;1893
22;8400;8599;1890
22;8600;8999;1893
22;9000;9169;1890
22;9170;9179;1895
22;9180;9999;1890
27;00000;09199;1776
27;09200;09999;1775
27;10000;11499;1778
27;11500;11699;1784
27;11700;12199;1778
27;12200;12999;1784
27;13000;14399;1778
27;14400;14999;1771
27;15000;19999;1784
27;20000;21299;1786
27;21300;21999;1776
27;22000;24999;1786
27;25000;26411;1775
27;26412;26414;1776
27;26415;26599;1775
27;26600;26639;1776
27;26640;26649;1775
27;26650;26679;1776
27;26680;26699;1775
27;26700;26709;1776
27;26710;26719;1775
27;26720;26999;1776
27;27000;27599;1775
27;27600;27999;1772
27;28000;29999;1775
27;30000;32999;1777
27;33000;33299;1772
27;33300;34999;1777
27;35000;39999;1772
27;40000;46099;1777
27;46100;46339;1773
27;46340;48199;1777
27;48200;59999;1773
27;60000;62499;1774
27;62500;62999;1775
27;63000;63399;1774
27;63400;63499;1775
27;63500;63699;1773
27;63700;66399;1774
27;66400;66599;1770
27;66600;69999;1774
27;70000;76099;1770
27;76100;77299;1771
27;77300;77399;1782
27;77400;77999;1774
27;78000;79999;1770
27;80000;84999;1771
27;85000;89999;1782
27;90000;96299;1775
27;96300;96325;1776
27;96326;96499;1775
27;96500;96512;1776
27;96513;96514;1775
27;96515;96516;1776
27;96517;99999;1775
39;000000;209999;1480
39;210000;229999;1482
39;230000;249999;1480
39;300000;419999;1482
39;420000;429999;1481
39;430000;459999;1482
39;500000;509999;1481
39;510000;519999;1482
39;520000;619999;1481
39;620000;629999;1480
39;630000;799999;1481
39;800000;929999;1480
49;00000;37999;1710
49;38000;38999;1457
25;00000;19999;1663
25;20000;31999;1664
25;33000;33999;1661
25;34000;34999;1664
25;35000;36999;1661
25;37000;37999;1664
25;38000;39999;1661
25;40000;51399;1665
25;51400;51404;1661
25;51405;51405;1665
25;51406;51442;1661
25;51443;51449;1665
25;51450;51450;1661
25;51451;51452;1665
25;51453;51499;1661
25;51500;51999;1665
25;52000;52399;1661
25;52400;52999;1665
25;53000;53399;1661
25;53400;53499;1665
25;53500;53594;1661
25;53595;53999;1665
25;54000;61069;1661
25;61070;61074;1663
25;61075;61899;1661
25;61900;63999;1663
25;64000;64039;1661
25;64040;64040;1663
25;64041;64043;1661
25;64044;64099;1663
25;64100;64399;1661
25;64400;64799;1663
25;64800;64999;1661
25;65000;68999;1665
25;69000;71999;1661
25;72000;72999;1663
25;73000;74071;1658
25;74072;74199;1663
25;74200;74499;1658
25;74500;74699;1663
25;74700;74999;1658
25;75000;75590;1663
25;75591;75597;1658
25;75598;76014;1663
25;76015;81999;1658
25;82000;82010;1657
25;82011;82019;1658
25;82020;82020;1657
25;82021;82021;1658
25;82022;82022;1657
25;82023;82039;1658
25;82040;82099;1657
25;82100;82399;1658
25;82400;82599;1657
25;82600;82699;1658
25;82700;82799;1657
25;82800;82999;1658
25;83000;83080;1657
25;83081;83099;1659
25;83100;89036;1657
25;89037;89041;1659
25;89042;89049;1657
25;89050;89050;1659
25;89051;89053;1657
25;89054;89099;1659
25;89100;89999;1657
25;90000;98499;1659
29;0000;1999;1472
29;2000;3999;1202
29;4000;8999;1472
29;9000;9999;1202
28;00000;01829;1872
28;01830;01859;1870
28;01860;01861;1872
28;01862;01999;1870
28;02000;03999;1872
28;04000;09999;1871
28;80000;93299;1870
28;93400;93999;1872
28;94000;95999;1870
28;96000;97219;1872
28;97220;97223;1870
28;97224;97242;1872
28;97243;97249;1870
28;97250;97259;1872
28;97260;97299;1870
28;97400;97799;1872
28;97900;98542;1871
28;98543;98551;1872
28;98552;98999;1871
28;99000;99999;1872
41;00000;08999;1698
41;10000;14999;1698
41;16000;19999;1698
41;21000;31999;1698
41;33000;34999;1698
41;36000;44999;1698
41;46000;47999;1698
41;49000;63999;1698
41;65000;99999;1698
